350
356
739
385
271
207
563
613
142
423
345
23
73
269
645
663
705
180
335
582
560
408
400
858
856
411
20
371
212
815
17
841
670
30
546
348
84
106
223
551
402
243
372
62
509
834
362
87
284
820
585
147
344
536
862
279
13
480
346
321
878
846
314
420
407
181
657
288
467
351
709
807
507
287
869
717
347
333
303
534
110
843
248
468
738
667
589
376
731
173
626
436
612
514
158
10
475
668
676
430
359
82
53
143
526
399
231
521
302
80
132
358
111
34
352
450
741
225
165
123
12
511
172
337
308
606
134
505
434
370
485
177
508
277
853
500
105
391
330
416
441
88
729
465
751
291
325
195
107
540
758
650
864
476
486
197
532
848
176
69
826
460
610
490
59
148
754
574
218
481
282
774
470
45
55
426
877
871
759
392
558
47
635
338
553
427
577
280
140
524
730
442
124
543
235
312
750
829
860
22
499
196
495
29
210
322
232
456
151
292
294
833
40
238
374
369
793
687
375
398
354
850
186
550
233
342
129
461
789
832
438
701
556
652
54
609
174
712
873
304
735
60
309
723
502
647
535
339
266
2
800
9
251
547
522
452
881
315
525
573
4
605
368
595
433
506
221
494
367
64
531
185
149
353
49
671
117
591
879
222
726
393
677
814
474
559
190
118
519
462
852
564
736
240
7
199
642
448
632
725
851
614
63
224
756
597
870
844
598
491
343
765
440
36
323
711
290
464
297
590
466
397
298
619
489
89
804
580
541
