198
832
359
277
149
807
151
105
308
465
30
715
837
314
165
597
554
574
488
199
794
731
393
858
486
240
190
347
197
218
507
493
129
572
551
343
851
841
446
870
663
846
481
582
330
402
505
395
422
531
442
826
648
4
62
464
107
607
820
88
834
578
564
389
467
32
466
73
862
723
322
619
735
63
871
280
296
845
338
725
7
521
248
38
774
118
759
9
294
10
166
702
436
515
476
437
304
445
814
829
110
577
411
549
210
87
352
333
519
55
612
712
591
60
873
327
94
423
257
676
398
205
174
297
127
20
514
522
800
282
472
408
111
232
184
291
270
815
704
535
438
460
541
506
489
540
502
652
339
869
875
487
857
426
412
117
298
776
635
553
82
687
642
271
84
677
346
37
310
269
552
369
2
882
509
546
765
54
462
864
8
614
134
302
224
233
441
180
563
430
59
132
586
717
565
279
427
323
550
860
581
694
575
804
590
220
463
194
881
705
394
195
335
365
158
456
701
585
13
645
632
679
598
626
711
40
12
491
186
172
736
732
450
225
356
370
440
64
480
181
609
532
657
22
827
176
452
833
416
667
391
751
273
534
285
36
562
405
616
661
843
360
231
45
617
666
556
739
526
341
605
148
222
358
299
284
485
386
842
726
362
468
475
700
349
878
793
223
83
371
315
106
420
670
400
326
238
403
123
196
589
69
175
650
547
536
758
34
124
709
850
558
353
573
392
243
342
368
140
207
221
671
17
376
80
102
410
290
272
43
610
375
354
226
741
499
367
