248
36
554
20
534
617
467
676
423
352
166
521
111
7
468
82
232
502
243
736
84
12
314
240
323
369
558
73
272
291
878
493
515
257
556
302
224
671
725
815
353
375
442
450
702
55
205
8
9
701
486
102
462
563
194
270
472
43
218
80
269
652
412
181
731
642
591
870
271
499
687
277
476
298
343
717
614
87
481
491
105
59
238
598
22
222
296
572
456
514
197
666
776
327
765
505
705
465
225
149
735
488
712
395
536
446
38
800
362
365
184
842
794
198
549
304
13
176
873
371
466
632
700
180
370
342
635
132
648
862
506
846
40
199
487
339
420
679
174
190
436
645
581
398
223
562
440
37
210
837
464
663
175
297
670
616
540
445
405
574
860
165
360
522
280
376
220
45
284
485
827
341
30
875
553
10
573
605
582
667
694
195
864
507
62
619
