522
277
558
614
423
679
794
197
553
297
37
842
280
194
700
462
375
617
481
554
705
199
800
491
476
671
445
878
870
582
223
370
502
198
534
224
436
13
499
514
82
815
195
360
272
736
180
464
605
860
339
102
667
725
687
549
87
493
296
20
572
440
220
9
238
45
218
243
694
731
225
284
240
486
59
298
642
456
619
376
205
398
369
670
371
12
468
562
487
22
269
645
864
55
666
701
405
676
648
342
488
257
7
190
36
598
111
466
395
270
632
176
132
540
353
184
8
472
323
43
166
446
365
362
181
873
616
327
174
302
465
827
467
735
556
521
40
412
291
450
717
536
341
442
652
862
62
352
506
515
591
210
505
80
837
149
30
485
776
507
563
38
84
765
271
248
10
105
702
73
165
581
420
635
304
573
175
875
846
222
232
712
314
663
574
343
