702
73
80
37
8
466
670
864
666
105
445
549
842
440
493
257
232
521
581
323
22
700
652
62
405
314
632
222
45
522
712
353
7
648
846
199
827
554
84
87
102
13
111
464
499
635
837
176
291
195
20
562
582
502
687
271
465
462
671
487
488
82
180
736
296
30
605
132
36
343
725
197
614
573
436
327
442
563
472
362
558
572
667
491
370
243
375
218
223
40
342
352
617
272
149
717
514
298
540
679
194
248
731
642
395
553
205
166
398
59
270
476
297
174
776
210
371
175
269
339
220
515
794
10
446
365
676
705
302
506
456
486
181
376
663
481
420
765
304
800
870
277
55
190
43
694
574
468
875
198
369
645
240
12
873
878
598
423
536
238
280
467
616
735
224
485
225
284
450
165
619
412
860
862
505
9
507
184
556
815
38
591
701
341
360
534
