670
2
759
335
540
69
488
358
609
346
472
233
581
223
220
298
10
370
362
765
299
736
394
302
127
619
105
875
702
553
585
353
411
368
652
118
514
257
679
480
408
870
342
327
371
54
814
871
132
59
550
441
709
860
343
800
715
231
605
694
735
199
205
700
225
238
598
280
704
833
456
190
354
367
572
826
725
507
416
591
645
671
586
476
43
8
438
270
481
648
712
341
339
17
194
465
277
102
467
546
534
294
506
741
834
80
55
574
804
452
632
851
82
88
400
273
502
701
166
375
485
460
297
226
552
440
832
842
323
450
322
626
296
107
717
446
462
563
794
857
597
430
437
505
282
94
12
175
677
532
526
774
412
34
151
290
20
197
359
272
198
491
582
666
575
403
158
515
522
846
60
445
661
405
210
468
389
463
279
333
165
547
565
739
291
64
395
148
391
84
243
732
723
224
285
590
63
310
73
37
30
578
541
556
493
531
793
330
176
356
134
607
657
338
423
218
616
667
410
426
386
207
248
642
751
174
551
111
304
180
9
32
815
562
181
820
850
184
106
129
873
45
22
87
519
427
466
83
195
843
878
509
365
726
536
864
617
392
663
347
36
398
558
882
4
776
650
573
7
635
123
487
284
827
489
554
186
271
232
38
614
612
676
369
549
862
436
705
376
758
499
13
807
149
442
869
420
352
402
326
564
308
360
62
711
422
687
240
464
269
172
40
349
222
117
858
393
221
610
110
314
124
521
140
535
829
475
731
845
881
486
577
837
196
589
315
841
