549
723
441
589
481
725
679
531
427
506
359
626
326
240
55
807
296
860
386
290
464
574
597
354
709
558
882
671
467
875
846
127
712
277
521
180
475
551
556
62
829
291
582
198
117
37
632
667
248
870
38
402
349
430
369
652
573
358
207
148
550
393
172
408
416
774
2
238
83
833
864
598
63
535
20
701
522
232
391
437
850
60
302
8
862
285
486
532
820
196
648
440
541
502
107
40
578
436
94
218
609
540
472
102
731
338
330
715
663
333
149
398
562
881
368
299
546
194
666
394
612
123
804
726
687
294
411
736
776
129
758
7
480
554
84
845
22
466
12
465
54
670
843
499
563
735
105
233
610
717
711
446
765
370
616
827
614
132
327
335
43
491
221
426
704
10
82
826
87
400
814
304
184
800
226
298
315
343
607
210
323
642
661
151
605
575
134
645
64
225
223
873
308
73
36
392
30
118
270
34
375
195
353
322
869
438
124
205
514
741
222
552
199
577
243
32
487
842
106
4
17
181
273
365
166
834
175
476
534
547
794
700
732
851
220
174
617
463
284
878
9
356
110
493
389
280
165
297
362
403
186
462
515
412
650
793
341
367
509
360
507
553
423
346
80
269
677
279
314
339
342
257
857
197
705
858
376
702
395
657
111
619
442
694
488
585
841
224
759
837
739
450
231
536
190
371
410
69
572
420
88
45
489
445
140
405
13
751
158
565
591
352
505
272
871
526
456
586
676
347
635
460
310
519
176
422
271
815
832
59
452
468
485
282
590
564
581
