132
84
210
663
572
314
837
184
467
257
514
232
223
700
55
794
645
102
284
614
7
701
581
423
224
605
536
341
679
20
582
243
45
491
842
635
687
619
846
165
540
652
398
190
554
240
323
59
10
476
642
73
248
735
238
36
362
875
462
43
80
277
616
365
343
598
534
298
353
487
327
62
105
149
371
717
412
181
485
499
111
360
873
271
205
648
446
369
670
218
632
505
174
666
291
82
175
591
765
199
456
676
352
507
280
864
405
562
464
420
800
549
702
198
712
13
8
176
481
375
180
827
878
9
194
617
225
436
573
370
870
222
776
465
705
486
87
553
558
442
342
522
488
296
515
862
440
30
731
166
297
304
563
197
40
506
694
521
736
22
37
376
502
269
272
493
574
220
38
556
445
466
302
270
450
667
395
468
339
195
671
725
472
860
12
815
