64
666
597
442
291
63
359
549
269
857
174
271
2
774
111
8
302
488
55
826
347
358
243
739
842
794
804
491
59
814
878
704
751
277
741
341
315
420
731
505
221
441
124
635
605
657
871
166
338
487
723
581
472
562
475
400
553
285
614
476
832
465
445
402
846
280
272
446
296
327
69
687
257
54
299
858
701
514
343
546
197
368
845
493
759
365
526
536
4
134
73
34
80
129
589
642
391
481
352
376
412
190
578
619
551
843
140
403
304
398
870
427
829
670
176
591
837
464
851
765
540
712
220
370
279
860
356
869
12
541
282
507
607
175
194
22
586
184
715
335
393
310
793
462
172
37
736
88
850
360
369
800
322
405
7
30
509
679
223
873
652
60
423
107
582
677
102
550
38
726
284
466
248
270
532
314
297
612
554
694
290
711
84
590
709
118
349
725
333
240
210
440
416
616
117
411
468
132
531
196
585
663
165
148
676
552
702
499
521
609
224
833
577
645
437
395
522
110
238
186
648
547
438
225
62
354
558
273
700
389
158
735
834
661
294
565
394
572
181
480
105
226
515
43
94
123
40
463
776
36
330
17
864
450
632
820
195
881
392
882
298
222
410
574
650
506
87
20
9
13
346
339
367
807
841
556
353
127
489
534
815
231
362
573
827
149
386
467
422
452
83
456
218
502
671
875
610
563
626
430
342
436
460
667
371
10
408
106
198
207
426
862
486
598
705
180
758
45
32
308
323
535
485
326
151
82
575
233
232
519
205
617
199
564
717
732
375
