231
232
233
266
269
270
273
282
290
291
292
299
307
326
348
350
353
354
360
385
386
394
399
408
416
423
430
437
442
450
463
466
470
476
483
486
487
489
490
495
500
502
508
509
526
532
535
546
547
554
556
560
563
564
573
577
578
582
585
598
606
613
352
358
362
371
375
393
397
410
411
434
452
485
515
522
540
550
552
559
565
574
575
591
829
832
833
834
837
841
842
843
844
845
846
848
850
851
852
853
856
857
858
860
862
864
869
870
871
872
873
875
877
878
879
881
882
221
222
271
285
288
294
297
298
302
309
315
325
327
333
337
339
343
345
349
359
365
382
395
405
412
427
433
436
445
448
462
472
488
493
505
507
514
519
549
553
597
609
611
612
614
619
223
224
279
284
287
296
303
304
308
312
314
322
330
335
338
341
342
346
351
370
372
440
446
467
480
506
525
531
551
562
607
225
226
248
280
295
323
344
347
356
376
389
392
400
407
422
438
460
475
494
511
534
536
537
558
580
586
589
595
610
616
617
