632
701
800
166
563
670
360
149
30
873
456
238
794
440
725
180
486
12
132
846
376
82
224
9
353
40
175
220
38
105
327
735
10
102
8
467
870
218
827
62
864
705
45
702
676
370
225
619
190
616
776
574
362
582
666
642
736
339
534
210
466
291
277
20
181
197
875
248
488
59
562
205
502
87
271
165
80
581
731
687
442
481
13
222
671
573
37
837
257
323
270
73
352
765
476
436
505
7
878
199
302
371
645
297
472
176
22
667
304
842
717
36
521
174
43
514
398
506
405
694
540
298
663
240
493
194
341
549
280
515
314
462
712
423
648
635
375
572
485
369
556
507
232
55
700
84
491
487
