577
873
590
739
395
437
148
514
491
774
299
346
30
597
233
368
371
248
578
174
198
285
94
294
32
645
184
663
857
4
452
464
480
13
323
243
574
339
440
467
322
362
34
591
271
694
702
127
635
731
616
2
349
220
420
87
180
175
438
505
700
815
726
83
475
386
408
875
270
536
338
465
776
445
341
679
552
807
194
12
488
310
556
298
610
280
297
218
553
605
575
794
257
370
36
181
40
804
375
129
403
376
586
107
272
195
238
20
462
657
563
10
132
123
231
205
549
446
63
519
221
882
878
554
158
661
405
612
54
149
176
565
354
572
223
38
522
832
402
481
22
59
273
850
82
353
279
327
617
843
573
564
833
296
526
7
551
609
106
667
460
45
422
502
423
650
541
290
389
476
614
426
315
190
521
282
69
151
393
711
540
412
677
441
837
632
736
62
858
450
562
585
466
197
60
226
9
723
666
199
758
64
88
342
55
102
842
456
671
509
284
166
186
430
506
619
240
410
607
105
845
705
442
326
834
110
642
43
531
558
394
359
134
367
687
827
793
84
532
269
864
463
670
717
493
515
800
534
37
826
507
330
118
140
701
17
741
225
676
427
304
709
598
333
277
485
291
398
400
860
582
829
715
302
369
308
232
820
862
499
210
80
841
881
468
581
487
411
165
735
870
347
846
172
222
416
224
352
472
124
648
196
356
765
314
436
207
704
547
725
489
751
360
73
550
392
335
869
652
732
546
589
343
391
486
759
535
712
365
814
358
871
111
626
851
8
117
