491
353
277
132
436
360
218
84
271
705
521
671
694
224
875
499
514
223
198
765
412
815
38
446
776
284
175
800
676
702
376
238
87
304
30
375
12
165
502
670
687
493
22
80
232
195
466
7
395
222
341
562
878
82
467
736
725
534
194
632
199
440
442
420
862
184
645
619
735
666
507
205
842
248
342
102
870
45
846
700
505
549
149
456
269
515
352
13
488
572
62
298
648
553
314
717
166
712
582
642
487
371
111
398
291
614
73
343
59
37
873
243
36
616
297
522
280
581
450
536
465
369
472
464
481
405
296
240
20
302
663
486
445
370
9
558
667
837
190
327
43
180
270
652
8
540
40
257
731
827
701
220
181
55
462
362
591
860
794
423
272
176
556
365
554
617
339
323
506
605
679
635
197
174
468
476
864
485
225
10
598
563
210
105
573
574
