837
687
225
55
800
184
476
405
376
712
488
105
652
671
765
176
702
149
842
558
82
12
22
827
194
240
102
37
522
40
197
617
80
468
875
700
860
736
572
862
302
36
298
515
562
9
412
663
481
563
446
45
506
284
514
269
456
343
467
574
521
369
666
195
776
352
648
486
296
205
499
507
487
73
222
705
314
304
676
502
670
13
7
445
10
493
591
342
248
735
297
238
505
232
605
556
174
436
540
442
440
549
280
272
327
375
536
870
423
223
642
420
30
694
794
582
846
553
323
20
398
218
395
632
534
224
43
731
362
679
717
371
291
59
701
339
725
465
166
462
8
62
614
667
199
165
132
210
815
111
485
257
243
370
175
180
464
220
864
84
271
360
270
472
873
554
181
598
341
450
38
619
581
198
466
277
616
87
491
878
190
365
573
353
645
635
