701
467
842
405
862
534
248
339
362
472
62
553
556
776
37
436
176
272
30
648
736
735
370
190
22
224
314
284
232
132
705
8
562
280
297
663
45
558
38
181
505
40
84
765
491
499
80
717
873
466
10
878
462
395
485
815
342
375
174
257
694
445
632
670
420
506
725
111
846
514
7
175
238
521
352
343
591
645
487
222
243
875
598
666
536
712
102
412
574
486
225
291
446
9
360
43
794
327
12
341
376
271
369
617
73
549
827
837
55
667
464
277
180
302
371
676
205
149
270
635
671
240
298
198
582
642
296
493
481
800
507
365
870
554
13
423
522
700
304
442
398
36
59
210
166
515
87
184
572
465
194
456
20
860
679
619
616
488
195
563
323
468
614
702
605
687
864
573
440
105
581
269
218
199
220
353
476
652
540
731
165
223
197
82
502
450
